0.24
0.24
0.24
0.24
0.24
0.24
0.24
0.24
0.24
0.24
0.24
0.24
0.22575
0.20756
0.19567
0.18614
0.1766
0.16707
0.16443
0.15876
0.15098
0.14686
0.14414
0.1413
0.13846
0.13561
0.1286
0.12617
0.13011
0.13325
0.13268
0.13193
0.13119
0.13045
0.12942
0.12716
0.12751
0.12892
0.12992
0.12993
0.12982
0.1297
0.12959
0.12947
0.12935
0.12782
0.12779
0.12871
0.1298
0.13063
0.13084
0.13098
0.13112
0.13126
0.1314
0.13154
0.13168
0.1314
0.13116
0.13131
0.13198
0.13265
0.13331
0.13366
0.13392
0.13416
0.1344
0.13464
0.13488
0.13512
0.13536
0.1356
0.13583
0.13579
0.1359
0.13612
0.13653
0.13699
0.13745
0.1379
0.13827
0.13856
0.13885
0.13915
0.13944
0.13973
0.14003
0.14032
0.14061
0.14091
0.1412
0.14149
0.14179
0.14201
0.14221
0.14247
0.14276
0.14309
0.14347
0.14386
0.14424
0.14463
0.14502
0.14537
0.14571
0.14604
0.14638
0.14672
0.14707
0.14741
0.14775
0.14809
0.14843
0.14877
0.14912
0.14946
0.1498
0.15014
0.15048
0.15082
0.15117
0.15145
0.15173
0.15204
0.15238
0.15272
0.15307
0.15351
0.15395
0.15439
0.15483
0.15527
0.15571
0.1561
0.15648
0.15687
0.15728
0.15768
0.15808
0.15848
0.15888
0.15928
0.15968
0.16008
0.16049
0.16089
0.16129
0.16169
0.16209
0.16249
0.16287
0.16318
0.16349
0.16384
0.16423
0.16461
0.16504
0.16559
0.16614
0.16669
0.16724
0.16779
0.16832
0.16878
0.16925
0.16971
0.17019
0.17066
0.17114
0.17161
0.17208
0.17256
0.17303
0.17351
0.17398
0.17446
0.17493
0.1754
0.17588
0.17635
0.17678
0.17708
0.17739
0.17778
0.17821
0.17864
0.17917
0.17989
0.18061
0.18132
0.18204
0.18276
0.18343
0.18399
0.18455
0.18511
0.18568
0.18625
0.18682
0.18739
