0.10256,0.19096,0.1541,0.18413,0.18413
0.10484,0.19269,0.14945,0.18434,0.18434
0.10724,0.19425,0.14488,0.18454,0.18454
0.10975,0.19575,0.14034,0.18472,0.18472
0.11224,0.19738,0.13603,0.18479,0.18479
0.11482,0.1989,0.13156,0.1849,0.1849
0.11733,0.20037,0.12743,0.18496,0.18496
0.1198,0.20177,0.12356,0.18496,0.18496
0.12247,0.20327,0.11947,0.18493,0.18493
0.12504,0.2046,0.11577,0.18486,0.18486
0.12762,0.20598,0.11205,0.18478,0.18478
0.13023,0.20725,0.10855,0.18466,0.18466
0.13255,0.20835,0.10551,0.18453,0.18453
0.13488,0.20948,0.10261,0.18435,0.18435
0.13689,0.21041,0.10006,0.18421,0.18421
0.13896,0.21132,0.097661,0.18402,0.18402
0.14086,0.21213,0.095438,0.18386,0.18386
0.14275,0.21294,0.093311,0.18366,0.18366
0.14453,0.21368,0.091329,0.18348,0.18348
0.14635,0.21441,0.089441,0.18327,0.18327
0.14806,0.21509,0.087635,0.18307,0.18307
0.1498,0.21573,0.08588,0.18286,0.18286
0.15143,0.21639,0.084211,0.18266,0.18266
0.15312,0.21697,0.082568,0.18245,0.18245
0.15476,0.21757,0.081015,0.18222,0.18222
0.15642,0.21819,0.079509,0.18196,0.18196
0.15802,0.21878,0.07802,0.18173,0.18173
0.15966,0.21929,0.076554,0.1815,0.1815
0.16128,0.21984,0.075133,0.18125,0.18125
0.16292,0.22033,0.073811,0.18098,0.18098
0.16447,0.22087,0.072454,0.18074,0.18074
0.16609,0.22134,0.071139,0.18048,0.18048
0.1677,0.22182,0.069853,0.18021,0.18021
0.16935,0.2223,0.06861,0.17991,0.17991
0.17092,0.22279,0.067371,0.17964,0.17964
0.17256,0.22323,0.066152,0.17935,0.17935
0.1742,0.22371,0.064964,0.17904,0.17904
0.1758,0.22417,0.063785,0.17875,0.17875
0.1774,0.2246,0.06265,0.17845,0.17845
0.17904,0.22501,0.061531,0.17814,0.17814
0.18068,0.22543,0.060426,0.17782,0.17782
0.18231,0.22583,0.059351,0.1775,0.1775
0.18395,0.22621,0.058322,0.17717,0.17717
0.18556,0.22662,0.057245,0.17686,0.17686
0.18724,0.227,0.056254,0.1765,0.1765
0.1889,0.22737,0.055238,0.17616,0.17616
0.19053,0.2277,0.054242,0.17584,0.17584
0.19222,0.22807,0.053296,0.17547,0.17547
0.19388,0.22843,0.052308,0.17513,0.17513
0.19556,0.22875,0.05139,0.17477,0.17477
0.19729,0.2291,0.05046,0.17438,0.17438
0.19893,0.22944,0.04957,0.17402,0.17402
0.20067,0.22975,0.048641,0.17365,0.17365
0.20239,0.23008,0.047769,0.17325,0.17325
0.20408,0.23038,0.046937,0.17287,0.17287
0.20581,0.23068,0.046065,0.17248,0.17248
0.20752,0.23097,0.045237,0.17209,0.17209
0.20925,0.23127,0.044435,0.17168,0.17168
0.21099,0.23156,0.043603,0.17128,0.17128
0.21273,0.23182,0.042808,0.17088,0.17088
0.21449,0.23206,0.042064,0.17046,0.17046
0.21627,0.23234,0.041283,0.17004,0.17004
0.218,0.23255,0.0405,0.16965,0.16965
0.2198,0.2328,0.0398,0.1692,0.1692
0.22162,0.23302,0.039054,0.16877,0.16877
0.22339,0.23325,0.038358,0.16833,0.16833
0.22518,0.23348,0.037613,0.16791,0.16791
0.22694,0.23369,0.036965,0.16747,0.16747
0.22876,0.23391,0.036275,0.16702,0.16702
0.23057,0.23408,0.035627,0.16657,0.16657
0.23239,0.2343,0.034937,0.16612,0.16612
0.23423,0.23443,0.034298,0.16568,0.16568
0.23607,0.23462,0.033675,0.16521,0.16521
0.2379,0.23479,0.03306,0.16475,0.16475
0.23974,0.23497,0.032425,0.16429,0.16429
0.2416,0.23512,0.031838,0.16381,0.16381
0.24353,0.23525,0.03125,0.16332,0.16332
0.24535,0.23539,0.030707,0.16285,0.16285
0.24722,0.23552,0.030115,0.16238,0.16238
0.24909,0.23569,0.029549,0.16189,0.16189
0.251,0.2358,0.029,0.1614,0.1614
0.25287,0.23588,0.028447,0.16093,0.16093
0.25477,0.23598,0.027947,0.16043,0.16043
0.25669,0.23609,0.027399,0.15994,0.15994
0.25859,0.23619,0.026899,0.15944,0.15944
0.2605,0.2363,0.02635,0.15895,0.15895
0.26248,0.23637,0.025903,0.15842,0.15842
0.26439,0.23644,0.025404,0.15792,0.15792
0.2663,0.2365,0.024905,0.15743,0.15743
0.26828,0.23657,0.024457,0.1569,0.1569
0.27019,0.23663,0.023958,0.1564,0.1564
0.27215,0.23668,0.023513,0.15589,0.15589
0.27414,0.23675,0.023079,0.15534,0.15534
0.27613,0.23675,0.022648,0.15483,0.15483
0.2781,0.23676,0.022202,0.15431,0.15431
0.28005,0.23679,0.021805,0.15378,0.15378
0.28204,0.23678,0.021352,0.15328,0.15328
0.28407,0.23682,0.020992,0.15271,0.15271
0.28604,0.23682,0.020582,0.15219,0.15219
0.28804,0.23679,0.02022,0.15165,0.15165
0.29009,0.2368,0.019813,0.1511,0.1511
0.29208,0.23677,0.019452,0.15057,0.15057
0.29409,0.23674,0.019049,0.15004,0.15004
0.2961,0.23675,0.01865,0.1495,0.1495
0.29814,0.23669,0.018349,0.14894,0.14894
0.30022,0.23663,0.017998,0.14839,0.14839
0.30222,0.23654,0.017646,0.14786,0.14786
0.30427,0.23649,0.017296,0.14731,0.14731
0.30632,0.23644,0.016946,0.14676,0.14676
0.30836,0.23638,0.016645,0.14621,0.14621
0.31041,0.23633,0.016295,0.14566,0.14566
0.31254,0.23625,0.015997,0.14507,0.14507
0.31459,0.23615,0.015697,0.14452,0.14452
0.31664,0.23605,0.015397,0.14397,0.14397
0.31878,0.23594,0.015099,0.14339,0.14339
0.32083,0.23584,0.014799,0.14284,0.14284
0.32295,0.23574,0.014502,0.14227,0.14227
0.325,0.23564,0.014202,0.14172,0.14172
0.32711,0.23553,0.013905,0.14115,0.14115
0.32923,0.23538,0.013658,0.14058,0.14058
0.33138,0.23524,0.013413,0.13999,0.13999
0.3335,0.2351,0.01317,0.13941,0.13941
0.33559,0.23495,0.012874,0.13886,0.13886
0.33771,0.23479,0.012627,0.13829,0.13829
0.33983,0.23464,0.012378,0.13772,0.13772
0.34195,0.23449,0.01213,0.13714,0.13714
0.34407,0.23431,0.011923,0.13657,0.13657
0.34625,0.23409,0.011667,0.136,0.136
0.34842,0.23395,0.011462,0.13539,0.13539
0.35056,0.23374,0.011207,0.13483,0.13483
0.35274,0.23356,0.011003,0.13423,0.13423
0.35485,0.23336,0.010748,0.13368,0.13368
0.35701,0.23318,0.010549,0.13309,0.13309
0.35916,0.23294,0.010347,0.13252,0.13252
0.36136,0.23274,0.010147,0.13192,0.13192
0.36358,0.2325,0.009948,0.13132,0.13132
0.36572,0.23227,0.0097466,0.13075,0.13075
0.36791,0.23204,0.0095476,0.13017,0.13017
0.37005,0.23181,0.0093463,0.1296,0.1296
0.37227,0.23157,0.0091468,0.129,0.129
0.37444,0.23133,0.0089973,0.12841,0.12841
0.37666,0.23109,0.0087978,0.12782,0.12782
0.37884,0.23082,0.0086487,0.12723,0.12723
0.38105,0.23055,0.00845,0.12665,0.12665
0.38324,0.23027,0.0083008,0.12606,0.12606
0.38543,0.23,0.0081516,0.12548,0.12548
0.38764,0.22973,0.0079528,0.12489,0.12489
0.38983,0.22945,0.0078035,0.12431,0.12431
0.39204,0.22914,0.0076546,0.12372,0.12372
0.39422,0.22883,0.007506,0.12315,0.12315
0.39648,0.22852,0.0073618,0.12255,0.12255
0.39867,0.22817,0.0072166,0.12198,0.12198
0.40087,0.22789,0.0070698,0.12139,0.12139
0.40314,0.22758,0.0069222,0.12079,0.12079
0.4053,0.22728,0.0067734,0.12021,0.12021
0.40755,0.22696,0.0066235,0.11962,0.11962
0.40979,0.22661,0.0064688,0.11905,0.11905
0.41201,0.22625,0.006364,0.11846,0.11846
0.41428,0.22592,0.0062603,0.11784,0.11784
0.41652,0.22558,0.0061061,0.11727,0.11727
0.41873,0.22522,0.0060018,0.11669,0.11669
0.42099,0.22492,0.0058491,0.11608,0.11608
0.42317,0.22453,0.0057483,0.11552,0.11552
0.42544,0.22419,0.0055986,0.11492,0.11492
0.42774,0.22379,0.0054986,0.11432,0.11432
0.42993,0.22341,0.0053978,0.11375,0.11375
0.4322,0.22302,0.0052981,0.11316,0.11316
0.43438,0.22264,0.0051974,0.11259,0.11259
0.43668,0.22226,0.005048,0.11201,0.11201
0.43895,0.22187,0.0049483,0.11141,0.11141
0.44112,0.22146,0.0048481,0.11086,0.11086
0.44337,0.22108,0.0047486,0.11027,0.11027
0.44563,0.22067,0.0046493,0.10968,0.10968
0.44788,0.22024,0.0045998,0.10909,0.10909
0.45012,0.21983,0.0045007,0.10852,0.10852
0.45239,0.21942,0.0044013,0.10793,0.10793
0.45463,0.21901,0.0043022,0.10735,0.10735
0.45689,0.21856,0.0042032,0.10678,0.10678
0.45914,0.21816,0.0041039,0.1062,0.1062
0.46139,0.21773,0.0040561,0.10561,0.10561
0.46368,0.21725,0.0039609,0.10504,0.10504
0.46591,0.21682,0.0038655,0.10447,0.10447
0.46817,0.21638,0.0037679,0.10389,0.10389
0.47037,0.21591,0.0037192,0.10333,0.10333
0.47264,0.2155,0.003621,0.10275,0.10275
0.47486,0.21503,0.0035704,0.10218,0.10218
0.47712,0.21455,0.0034661,0.10162,0.10162
0.47938,0.21405,0.0034119,0.10105,0.10105
0.48161,0.21356,0.0033581,0.10049,0.10049
0.48393,0.21312,0.0032549,0.0999,0.0999
0.48612,0.21265,0.0032014,0.099345,0.099345
0.48835,0.21219,0.0031491,0.09877,0.09877
0.4906,0.21172,0.0030488,0.098211,0.098211
0.49285,0.21119,0.0029985,0.097651,0.097651
0.49508,0.21068,0.0029484,0.097097,0.097097
0.4973,0.21017,0.0028983,0.096542,0.096542
0.49953,0.20971,0.0027982,0.095988,0.095988
0.50182,0.20923,0.0027485,0.095398,0.095398
0.50405,0.2087,0.0026987,0.094853,0.094853
0.50625,0.2082,0.0026487,0.094303,0.094303
