0.24
0.51931
0.82873
1.0545
1.1122
1.1152
1.1174
1.1111
1.1346
1.1169
1.1142
1.1021
1.1092
1.1453
1.109
1.122
1.1085
1.1064
1.1113
1.1099
1.1163
1.1137
1.1227
1.1235
1.1224
1.0966
1.1411
1.1774
1.1558
1.1825
1.1762
1.2002
1.2007
1.2202
1.233
1.2381
1.2284
1.2893
1.3237
1.3486
1.3833
1.4158
1.4525
1.493
1.5179
1.5871
1.6335
1.6844
1.7428
1.7878
1.6583
1.9202
1.9902
2.0531
2.1281
2.1898
2.2448
2.2936
2.3886
2.5013
2.6028
2.6457
2.7289
2.8099
2.8791
3.0286
3.0212
3.212
3.1487
3.2666
3.292
3.4867
3.4036
3.5129
3.5242
3.6079
3.6177
3.6748
3.7139
3.9357
