0.24
0.24
0.24
0.24
0.24
0.24
0.24
0.24
0.24
0.24
0.24
0.24
0.22575
0.20756
0.19567
0.18614
0.1766
0.16707
0.16443
0.15876
0.15098
0.14686
0.14414
0.1413
0.13846
0.13561
0.1286
0.12617
0.13011
0.13325
0.13268
0.13193
0.13119
0.13045
0.12942
0.12716
0.12751
0.12892
0.12992
0.12993
0.12982
0.1297
0.12959
0.12947
0.12935
0.12782
0.12779
0.12871
0.1298
0.13063
0.13084
0.13098
0.13112
0.13126
0.1314
0.13154
0.13168
0.1314
0.13116
0.13131
0.13198
0.13265
0.13331
0.13366
0.13392
0.13416
0.1344
0.13464
0.13488
0.13512
0.13536
0.1356
0.13583
0.13579
0.1359
0.13612
0.13653
0.13699
0.13745
0.1379
0.13827
0.13856
0.13885
0.13915
0.13944
0.13973
0.14003
0.14032
0.14061
0.14091
0.1412
0.14149
0.14179
0.14201
0.14221
0.14247
0.14276
0.14309
0.14347
0.14386
