0,0.24,0.2616,0.2472,0.24,0.24,0.2076
1.0048e-08,0.24,0.2616,0.2472,0.24,0.24,0.2076
1.5071e-08,0.24,0.2616,0.2472,0.24,0.24,0.2076
4.019e-08,0.24,0.2616,0.2472,0.24,0.24,0.2076
4.4656e-08,0.24,0.2616,0.2472,0.24,0.24,0.2076
5.0238e-08,0.24,0.2616,0.2472,0.24,0.24,0.2076
5.0238e-08,0.24,0.2616,0.2472,0.24,0.24,0.2076
1.0048e-07,0.24,0.2616,0.2472,0.24,0.24,0.2076
1.2559e-07,0.24,0.2616,0.2472,0.24,0.24,0.2076
2.5119e-07,0.24,0.2616,0.2472,0.24,0.24,0.2076
2.7352e-07,0.24,0.2616,0.2472,0.24,0.24,0.2076
3.0143e-07,0.24,0.2616,0.2472,0.24,0.24,0.2076
3.0143e-07,0.24,0.2616,0.2472,0.24,0.24,0.2076
5.5262e-07,0.24,0.2616,0.2472,0.24,0.24,0.2076
6.7821e-07,0.24,0.2616,0.2472,0.24,0.24,0.2076
1.3062e-06,0.24,0.2616,0.2472,0.24,0.24,0.2076
1.4178e-06,0.24,0.2616,0.2472,0.24,0.24,0.2076
1.5574e-06,0.24,0.2616,0.2472,0.24,0.24,0.2076
1.5574e-06,0.24,0.2616,0.2472,0.24,0.24,0.2076
2.8133e-06,0.24,0.2616,0.2472,0.24,0.24,0.2076
3.4413e-06,0.24,0.2616,0.2472,0.24,0.24,0.2076
6.5811e-06,0.24,0.2616,0.2472,0.24,0.24,0.2076
7.1393e-06,0.24,0.2616,0.2472,0.24,0.24,0.2076
7.8371e-06,0.24,0.2616,0.2472,0.24,0.24,0.2076
7.8371e-06,0.24,0.2616,0.2472,0.24,0.24,0.2076
1.4117e-05,0.24,0.2616,0.2472,0.24,0.24,0.2076
1.7257e-05,0.24,0.2616,0.2472,0.24,0.24,0.2076
3.2956e-05,0.24001,0.26161,0.24721,0.24001,0.24001,0.20761
3.5747e-05,0.24001,0.26161,0.24721,0.24001,0.24001,0.20761
3.9236e-05,0.24001,0.26161,0.24721,0.24001,0.24001,0.20761
3.9236e-05,0.24001,0.26161,0.24721,0.24001,0.24001,0.20761
7.0634e-05,0.24002,0.26162,0.24722,0.24002,0.24002,0.20761
8.6334e-05,0.24002,0.26162,0.24722,0.24002,0.24002,0.20762
0.00016483,0.24004,0.26164,0.24724,0.24004,0.24004,0.20763
0.00017878,0.24004,0.26164,0.24724,0.24004,0.24004,0.20763
0.00019623,0.24004,0.26165,0.24724,0.24004,0.24004,0.20764
0.00019623,0.24004,0.26165,0.24724,0.24004,0.24004,0.20764
0.00035322,0.24008,0.26168,0.24728,0.24008,0.24008,0.20767
0.00043172,0.24009,0.2617,0.24729,0.24009,0.24009,0.20768
0.0008242,0.24018,0.26179,0.24738,0.24018,0.24018,0.20775
0.00089397,0.24019,0.26181,0.2474,0.24019,0.24019,0.20776
0.00098119,0.24021,0.26183,0.24742,0.24021,0.24021,0.20778
0.00098119,0.24021,0.26183,0.24742,0.24021,0.24021,0.20778
0.0017662,0.24038,0.26201,0.24759,0.24038,0.24038,0.20793
0.0021586,0.24046,0.2621,0.24767,0.24046,0.24046,0.208
0.0041211,0.24088,0.26256,0.2481,0.24088,0.24088,0.20836
0.0044699,0.24095,0.26264,0.24818,0.24095,0.24095,0.20842
0.004906,0.24105,0.26274,0.24828,0.24105,0.24105,0.20851
0.004906,0.24105,0.26274,0.24828,0.24105,0.24105,0.20851
0.0088308,0.24189,0.26366,0.24914,0.24189,0.24189,0.20923
0.010793,0.24231,0.26411,0.24958,0.24231,0.24231,0.20959
0.020605,0.24442,0.26641,0.25175,0.24442,0.24442,0.21142
0.02235,0.24479,0.26682,0.25214,0.24479,0.24479,0.21175
0.02453,0.24526,0.26734,0.25262,0.24526,0.24526,0.21215
0.02453,0.24526,0.26734,0.25262,0.24526,0.24526,0.21215
0.044154,0.24957,0.27203,0.25706,0.24957,0.24957,0.21588
0.053966,0.25169,0.27434,0.25924,0.25169,0.25169,0.21771
0.10303,0.26266,0.2863,0.27054,0.26266,0.26266,0.22721
0.11175,0.26468,0.2885,0.27262,0.26468,0.26468,0.22895
0.12265,0.26717,0.29122,0.27519,0.26717,0.26717,0.2311
0.12265,0.26712,0.29116,0.27514,0.26712,0.26712,0.23106
0.22077,0.29137,0.3176,0.30011,0.29137,0.29137,0.25204
0.26983,0.30215,0.32935,0.31122,0.30215,0.30215,0.26136
0.51513,0.37039,0.40373,0.38151,0.37039,0.37039,0.32039
0.55874,0.39167,0.42692,0.40342,0.39167,0.39167,0.33879
0.61325,0.40786,0.44457,0.4201,0.40786,0.40786,0.3528
0.61325,0.39437,0.42987,0.40621,0.39437,0.39437,0.34113
0.76289,0.44147,0.4812,0.45471,0.44147,0.44147,0.38187
0.83771,0.45995,0.50135,0.47375,0.45995,0.45995,0.39786
1.2118,0.59678,0.65049,0.61468,0.59678,0.59678,0.51622
1.2783,0.67245,0.73297,0.69263,0.67245,0.67245,0.58167
1.3614,0.70581,0.76933,0.72698,0.70581,0.70581,0.61053
1.3614,0.62454,0.68075,0.64328,0.62454,0.62454,0.54023
1.5303,0.68092,0.74221,0.70135,0.68092,0.68092,0.589
1.6148,0.70078,0.76385,0.72181,0.70078,0.70078,0.60618
2.037,0.84102,0.91671,0.86625,0.84102,0.84102,0.72748
2.112,0.92604,1.0094,0.95382,0.92604,0.92604,0.80102
2.2058,0.95517,1.0411,0.98383,0.95517,0.95517,0.82623
2.2058,0.85776,0.93496,0.88349,0.85776,0.85776,0.74196
2.3845,0.90017,0.98118,0.92717,0.90017,0.90017,0.77865
2.4738,0.91359,0.99581,0.94099,0.91359,0.91359,0.79025
2.9204,1.0022,1.0924,1.0323,1.0022,1.0022,0.86694
2.9998,1.0545,1.1494,1.0861,1.0545,1.0545,0.91211
3.0991,1.0698,1.1661,1.1019,1.0698,1.0698,0.92538
3.0991,1.0077,1.0984,1.0379,1.0077,1.0077,0.87166
3.2934,1.0311,1.1239,1.0621,1.0311,1.0311,0.89193
3.3906,1.0374,1.1308,1.0685,1.0374,1.0374,0.89737
3.8764,1.0806,1.1779,1.113,1.0806,1.0806,0.93474
3.9628,1.1099,1.2098,1.1432,1.1099,1.1099,0.9601
4.0707,1.1166,1.2171,1.1501,1.1166,1.1166,0.96583
4.0707,1.0791,1.1762,1.1115,1.0791,1.0791,0.93344
4.2975,1.0902,1.1884,1.1229,1.0902,1.0902,0.94306
4.4109,1.0921,1.1903,1.1248,1.0921,1.0921,0.94463
4.9777,1.1105,1.2105,1.1438,1.1105,1.1105,0.96061
5.0785,1.1319,1.2337,1.1658,1.1319,1.1319,0.97906
5.2045,1.1367,1.239,1.1708,1.1367,1.1367,0.98322
5.2045,1.1077,1.2074,1.1409,1.1077,1.1077,0.95813
5.4715,1.1123,1.2124,1.1457,1.1123,1.1123,0.96213
5.6051,1.1118,1.2118,1.1451,1.1118,1.1118,0.96167
6.2727,1.1213,1.2222,1.155,1.1213,1.1213,0.96994
6.3914,1.1402,1.2428,1.1744,1.1402,1.1402,0.98628
6.5398,1.1419,1.2447,1.1762,1.1419,1.1419,0.98778
6.5398,1.1136,1.2138,1.147,1.1136,1.1136,0.96328
6.8432,1.1129,1.2131,1.1463,1.1129,1.1129,0.96268
6.995,1.1111,1.2111,1.1445,1.1111,1.1111,0.96113
7.7537,1.1186,1.2193,1.1522,1.1186,1.1186,0.96762
7.8885,1.1343,1.2364,1.1684,1.1343,1.1343,0.98121
8.0571,1.1348,1.2369,1.1688,1.1348,1.1348,0.98158
8.0571,1.11,1.2099,1.1433,1.11,1.11,0.96012
8.3915,1.1132,1.2134,1.1466,1.1132,1.1132,0.96289
8.5587,1.1114,1.2114,1.1447,1.1114,1.1114,0.96135
9.3947,1.1218,1.2228,1.1555,1.1218,1.1218,0.97038
9.5433,1.1516,1.2553,1.1862,1.1516,1.1516,0.99615
9.7291,1.1553,1.2593,1.19,1.1553,1.1553,0.99935
9.7291,1.1084,1.2082,1.1417,1.1084,1.1084,0.9588
10.044,1.1075,1.2072,1.1407,1.1075,1.1075,0.95797
10.201,1.1078,1.2075,1.141,1.1078,1.1078,0.95824
10.988,1.1028,1.202,1.1359,1.1028,1.1028,0.95391
11.128,1.0952,1.1938,1.1281,1.0952,1.0952,0.94737
11.303,1.0963,1.195,1.1292,1.0963,1.0963,0.94832
11.303,1.1093,1.2091,1.1426,1.1093,1.1093,0.95953
11.695,1.1106,1.2106,1.144,1.1106,1.1106,0.96071
11.891,1.1081,1.2078,1.1413,1.1081,1.1081,0.9585
12.87,1.1183,1.2189,1.1518,1.1183,1.1183,0.96733
13.044,1.1544,1.2583,1.1891,1.1544,1.1544,0.99858
13.262,1.165,1.2699,1.2,1.165,1.165,1.0077
13.262,1.1054,1.2049,1.1385,1.1054,1.1054,0.95614
13.58,1.1081,1.2078,1.1413,1.1081,1.1081,0.95851
13.739,1.1068,1.2065,1.1401,1.1068,1.1068,0.95742
14.534,1.1136,1.2138,1.147,1.1136,1.1136,0.96325
14.676,1.1339,1.2359,1.1679,1.1339,1.1339,0.9808
14.852,1.1356,1.2378,1.1697,1.1356,1.1356,0.98229
14.852,1.1032,1.2025,1.1363,1.1032,1.1032,0.95428
15.18,1.1055,1.205,1.1387,1.1055,1.1055,0.95628
15.344,1.106,1.2056,1.1392,1.106,1.106,0.9567
16.164,1.1091,1.2089,1.1424,1.1091,1.1091,0.95939
16.309,1.1118,1.2118,1.1451,1.1118,1.1118,0.96169
16.492,1.1115,1.2116,1.1449,1.1115,1.1115,0.96149
16.492,1.1073,1.207,1.1406,1.1073,1.1073,0.95785
17.024,1.1064,1.2059,1.1396,1.1064,1.1064,0.957
17.29,1.1078,1.2075,1.1411,1.1078,1.1078,0.95828
18.62,1.098,1.1968,1.1309,1.098,1.098,0.94976
18.856,1.0651,1.161,1.0971,1.0651,1.0651,0.92133
19.152,1.0547,1.1497,1.0864,1.0547,1.0547,0.91234
19.152,1.1113,1.2113,1.1447,1.1113,1.1113,0.96129
16.886,1.1063,1.2058,1.1394,1.1063,1.1063,0.95691
17.083,1.1059,1.2055,1.1391,1.1059,1.1059,0.95663
18.07,1.1117,1.2118,1.1451,1.1117,1.1117,0.96165
18.245,1.1155,1.2159,1.149,1.1155,1.1155,0.96491
18.464,1.115,1.2154,1.1485,1.115,1.115,0.9645
18.464,1.1106,1.2106,1.1439,1.1106,1.1106,0.96067
18.859,1.1104,1.2104,1.1438,1.1104,1.1104,0.96053
19.056,1.1097,1.2096,1.143,1.1097,1.1097,0.95988
20.042,1.1193,1.2201,1.1529,1.1193,1.1193,0.96821
20.218,1.1334,1.2354,1.1674,1.1334,1.1334,0.98041
20.437,1.135,1.2372,1.1691,1.135,1.135,0.98179
20.437,1.1138,1.214,1.1472,1.1138,1.1138,0.96342
20.862,1.1138,1.2141,1.1472,1.1138,1.1138,0.96345
21.075,1.1137,1.2139,1.1471,1.1137,1.1137,0.96334
22.139,1.124,1.2252,1.1577,1.124,1.124,0.97228
22.328,1.1333,1.2353,1.1673,1.1333,1.1333,0.98031
22.564,1.1333,1.2353,1.1673,1.1333,1.1333,0.98032
22.564,1.1199,1.2207,1.1535,1.1199,1.1199,0.96873
23.084,1.1216,1.2225,1.1552,1.1216,1.1216,0.97014
23.345,1.1236,1.2248,1.1574,1.1236,1.1236,0.97196
24.645,1.1212,1.2221,1.1549,1.1212,1.1212,0.96986
24.876,1.099,1.1979,1.132,1.099,1.099,0.95064
25.165,1.0935,1.192,1.1264,1.0935,1.0935,0.94592
25.165,1.1324,1.2343,1.1663,1.1324,1.1324,0.97951
25.595,1.138,1.2404,1.1721,1.138,1.138,0.98437
25.81,1.138,1.2404,1.1721,1.138,1.138,0.98434
26.884,1.1555,1.2595,1.1901,1.1555,1.1555,0.99948
27.075,1.1916,1.2988,1.2274,1.1916,1.1916,1.0307
27.313,1.2056,1.3141,1.2417,1.2056,1.2056,1.0428
27.313,1.1474,1.2507,1.1819,1.1474,1.1474,0.99252
27.658,1.1524,1.2562,1.187,1.1524,1.1524,0.99687
27.83,1.1535,1.2573,1.1881,1.1535,1.1535,0.99778
28.691,1.1652,1.2701,1.2002,1.1652,1.1652,1.0079
28.845,1.1792,1.2853,1.2146,1.1792,1.1792,1.02
29.036,1.1833,1.2898,1.2188,1.1833,1.1833,1.0235
29.036,1.1629,1.2675,1.1977,1.1629,1.1629,1.0059
29.411,1.1679,1.273,1.2029,1.1679,1.1679,1.0102
29.599,1.1696,1.2749,1.2047,1.1696,1.1696,1.0117
30.536,1.1851,1.2918,1.2207,1.1851,1.1851,1.0251
30.703,1.198,1.3058,1.234,1.198,1.198,1.0363
30.911,1.2028,1.311,1.2389,1.2028,1.2028,1.0404
30.911,1.1854,1.2921,1.221,1.1854,1.1854,1.0254
31.328,1.1905,1.2976,1.2262,1.1905,1.1905,1.0298
31.536,1.1932,1.3006,1.229,1.1932,1.1932,1.0322
32.576,1.21,1.3189,1.2463,1.21,1.21,1.0467
32.761,1.2156,1.325,1.252,1.2156,1.2156,1.0515
32.992,1.2202,1.33,1.2568,1.2202,1.2202,1.0554
32.992,1.2163,1.3257,1.2527,1.2163,1.2163,1.0521
33.597,1.2251,1.3353,1.2618,1.2251,1.2251,1.0597
33.9,1.2316,1.3425,1.2686,1.2316,1.2316,1.0653
35.412,1.2502,1.3627,1.2877,1.2502,1.2502,1.0814
35.681,1.2262,1.3366,1.263,1.2262,1.2262,1.0607
36.017,1.2221,1.3321,1.2587,1.2221,1.2221,1.0571
36.017,1.2769,1.3919,1.3152,1.2769,1.2769,1.1046
33.437,1.2227,1.3327,1.2594,1.2227,1.2227,1.0576
33.659,1.227,1.3375,1.2638,1.227,1.227,1.0614
34.77,1.2439,1.3559,1.2812,1.2439,1.2439,1.076
34.967,1.2378,1.3492,1.2749,1.2378,1.2378,1.0707
35.214,1.24,1.3516,1.2772,1.24,1.24,1.0726
35.214,1.2574,1.3706,1.2952,1.2574,1.2574,1.0877
35.659,1.2663,1.3802,1.3043,1.2663,1.2663,1.0953
35.881,1.2722,1.3867,1.3104,1.2722,1.2722,1.1005
36.992,1.2899,1.406,1.3286,1.2899,1.2899,1.1158
37.189,1.2753,1.39,1.3135,1.2753,1.2753,1.1031
37.436,1.2761,1.391,1.3144,1.2761,1.2761,1.1039
37.436,1.3081,1.4258,1.3473,1.3081,1.3081,1.1315
37.853,1.3189,1.4376,1.3585,1.3189,1.3189,1.1408
38.061,1.3257,1.445,1.3654,1.3257,1.3257,1.1467
39.103,1.3511,1.4726,1.3916,1.3511,1.3511,1.1687
39.288,1.3409,1.4616,1.3811,1.3409,1.3409,1.1599
39.519,1.343,1.4639,1.3833,1.343,1.343,1.1617
39.519,1.3682,1.4914,1.4093,1.3682,1.3682,1.1835
39.941,1.3813,1.5057,1.4228,1.3813,1.3813,1.1949
40.152,1.3886,1.5136,1.4303,1.3886,1.3886,1.2012
41.206,1.4224,1.5505,1.4651,1.4224,1.4224,1.2304
41.394,1.4237,1.5518,1.4664,1.4237,1.4237,1.2315
41.628,1.4323,1.5612,1.4753,1.4323,1.4323,1.2389
41.628,1.4417,1.5715,1.485,1.4417,1.4417,1.2471
42.186,1.4626,1.5942,1.5065,1.4626,1.4626,1.2651
42.465,1.4743,1.607,1.5185,1.4743,1.4743,1.2753
43.859,1.5231,1.6602,1.5688,1.5231,1.5231,1.3175
44.107,1.5139,1.6502,1.5593,1.5139,1.5139,1.3095
44.417,1.5224,1.6594,1.568,1.5224,1.5224,1.3169
44.417,1.5585,1.6987,1.6052,1.5585,1.5585,1.3481
44.91,1.5827,1.7251,1.6302,1.5827,1.5827,1.369
45.156,1.5947,1.7382,1.6425,1.5947,1.5947,1.3794
46.39,1.6514,1.8,1.7009,1.6514,1.6514,1.4285
46.609,1.661,1.8105,1.7108,1.661,1.661,1.4368
46.883,1.6776,1.8286,1.7279,1.6776,1.6776,1.4511
46.883,1.6788,1.8299,1.7292,1.6788,1.6788,1.4522
47.543,1.7154,1.8698,1.7669,1.7154,1.7154,1.4838
47.872,1.7377,1.894,1.7898,1.7377,1.7377,1.5031
49.522,1.7822,1.9426,1.8357,1.7822,1.7822,1.5416
49.815,1.6754,1.8262,1.7256,1.6754,1.6754,1.4492
50.181,1.6415,1.7893,1.6908,1.6415,1.6415,1.4199
50.181,1.8819,2.0512,1.9383,1.8819,1.8819,1.6278
47.26,1.6996,1.8526,1.7506,1.6996,1.6996,1.4702
47.449,1.7112,1.8652,1.7625,1.7112,1.7112,1.4802
48.393,1.7583,1.9166,1.8111,1.7583,1.7583,1.5209
48.56,1.75,1.9075,1.8025,1.75,1.75,1.5138
48.77,1.7576,1.9158,1.8103,1.7576,1.7576,1.5203
48.77,1.7861,1.9469,1.8397,1.7861,1.7861,1.545
49.148,1.8073,1.97,1.8615,1.8073,1.8073,1.5633
49.336,1.8188,1.9825,1.8734,1.8188,1.8188,1.5733
50.28,1.8719,2.0404,1.9281,1.8719,1.8719,1.6192
50.448,1.8699,2.0382,1.926,1.8699,1.8699,1.6174
50.657,1.881,2.0503,1.9374,1.881,1.881,1.6271
50.657,1.9023,2.0735,1.9593,1.9023,1.9023,1.6455
51.105,1.9322,2.1061,1.9901,1.9322,1.9322,1.6713
51.329,1.9468,2.122,2.0052,1.9468,1.9468,1.684
52.448,2.0191,2.2009,2.0797,2.0191,2.0191,1.7466
52.646,2.029,2.2116,2.0898,2.029,2.029,1.7551
52.895,2.0447,2.2288,2.1061,2.0447,2.0447,1.7687
52.895,2.0499,2.2344,2.1114,2.0499,2.0499,1.7731
53.62,2.1012,2.2904,2.1643,2.1012,2.1012,1.8176
53.983,2.127,2.3185,2.1908,2.127,2.127,1.8399
55.795,2.2409,2.4426,2.3082,2.2409,2.2409,1.9384
56.118,2.2108,2.4097,2.2771,2.2108,2.2108,1.9123
56.52,2.2075,2.4061,2.2737,2.2075,2.2075,1.9094
56.52,2.3169,2.5254,2.3864,2.3169,2.3169,2.0041
53.4,2.0853,2.273,2.1478,2.0853,2.0853,1.8038
53.652,2.1031,2.2924,2.1662,2.1031,2.1031,1.8192
54.913,2.1895,2.3866,2.2552,2.1895,2.1895,1.8939
55.137,2.1904,2.3875,2.2561,2.1904,2.1904,1.8947
55.417,2.2037,2.402,2.2698,2.2037,2.2037,1.9062
55.417,2.2313,2.4321,2.2982,2.2313,2.2313,1.93
55.922,2.2673,2.4713,2.3353,2.2673,2.2673,1.9612
56.174,2.2856,2.4913,2.3542,2.2856,2.2856,1.977
57.435,2.3716,2.585,2.4428,2.3716,2.3716,2.0514
57.659,2.3671,2.5802,2.4381,2.3671,2.3671,2.0476
57.939,2.3791,2.5932,2.4505,2.3791,2.3791,2.0579
57.939,2.4171,2.6347,2.4897,2.4171,2.4171,2.0908
58.437,2.4568,2.678,2.5305,2.4568,2.4568,2.1252
58.685,2.4736,2.6962,2.5478,2.4736,2.4736,2.1397
59.928,2.5828,2.8153,2.6603,2.5828,2.5828,2.2342
60.149,2.6442,2.8822,2.7235,2.6442,2.6442,2.2872
60.426,2.6822,2.9236,2.7627,2.6822,2.6822,2.3201
60.426,2.6031,2.8374,2.6812,2.6031,2.6031,2.2517
60.868,2.6367,2.874,2.7158,2.6367,2.6367,2.2807
61.089,2.6518,2.8904,2.7313,2.6518,2.6518,2.2938
62.194,2.7453,2.9924,2.8276,2.7453,2.7453,2.3747
62.39,2.7817,3.032,2.8651,2.7817,2.7817,2.4062
62.636,2.8066,3.0592,2.8908,2.8066,2.8066,2.4277
62.636,2.7719,3.0214,2.8551,2.7719,2.7719,2.3977
63.139,2.8112,3.0642,2.8956,2.8112,2.8112,2.4317
63.39,2.8269,3.0813,2.9117,2.8269,2.8269,2.4453
64.647,2.9345,3.1987,3.0226,2.9345,2.9345,2.5384
64.871,3.008,3.2787,3.0982,3.008,3.008,2.6019
65.15,3.0525,3.3272,3.1441,3.0525,3.0525,2.6404
65.15,2.9468,3.212,3.0352,2.9468,2.9468,2.549
65.577,2.9862,3.2549,3.0757,2.9862,2.9862,2.583
65.79,2.9981,3.2679,3.0881,2.9981,2.9981,2.5934
66.856,3.1153,3.3957,3.2088,3.1153,3.1153,2.6947
67.046,3.2429,3.5348,3.3402,3.2429,3.2429,2.8051
67.283,3.2947,3.5912,3.3936,3.2947,3.2947,2.8499
67.283,3.0998,3.3788,3.1928,3.0998,3.0998,2.6813
67.633,3.1232,3.4043,3.2169,3.1232,3.1232,2.7016
67.807,3.1322,3.4141,3.2261,3.1322,3.1322,2.7093
68.682,3.2068,3.4954,3.303,3.2068,3.2068,2.7739
68.838,3.2513,3.5439,3.3489,3.2513,3.2513,2.8124
69.032,3.2696,3.5639,3.3677,3.2696,3.2696,2.8282
69.032,3.215,3.5043,3.3114,3.215,3.215,2.7809
69.439,3.2484,3.5408,3.3459,3.2484,3.2484,2.8099
69.643,3.2582,3.5514,3.3559,3.2582,3.2582,2.8183
70.661,3.3545,3.6564,3.4552,3.3545,3.3545,2.9017
70.842,3.4593,3.7706,3.5631,3.4593,3.4593,2.9923
71.069,3.4987,3.8136,3.6036,3.4987,3.4987,3.0264
71.069,3.3399,3.6405,3.4401,3.3399,3.3399,2.889
71.428,3.3622,3.6648,3.4631,3.3622,3.3622,2.9083
71.607,3.3697,3.673,3.4708,3.3697,3.3697,2.9148
72.505,3.4471,3.7573,3.5505,3.4471,3.4471,2.9817
72.665,3.5086,3.8243,3.6138,3.5086,3.5086,3.0349
72.864,3.5322,3.85,3.6381,3.5322,3.5322,3.0553
72.864,3.4512,3.7618,3.5547,3.4512,3.4512,2.9853
73.253,3.4769,3.7898,3.5812,3.4769,3.4769,3.0075
73.447,3.4847,3.7984,3.5893,3.4847,3.4847,3.0143
74.419,3.5541,3.874,3.6607,3.5541,3.5541,3.0743
74.592,3.6217,3.9476,3.7303,3.6217,3.6217,3.1328
74.807,3.6461,3.9743,3.7555,3.6461,3.6461,3.1539
74.807,3.5468,3.866,3.6532,3.5468,3.5468,3.068
75.195,3.5693,3.8905,3.6764,3.5693,3.5693,3.0874
75.389,3.5791,3.9012,3.6865,3.5791,3.5791,3.0959
76.357,3.6402,3.9678,3.7494,3.6402,3.6402,3.1487
76.529,3.6675,3.9976,3.7775,3.6675,3.6675,3.1724
76.744,3.682,4.0134,3.7924,3.682,3.682,3.1849
76.744,3.6527,3.9815,3.7623,3.6527,3.6527,3.1596
77.253,3.678,4.009,3.7883,3.678,3.678,3.1815
77.508,3.6836,4.0151,3.7941,3.6836,3.6836,3.1863
78.781,3.7868,4.1276,3.9004,3.7868,3.7868,3.2756
79.008,3.9411,4.2958,4.0593,3.9411,3.9411,3.4091
79.29,4.0168,4.3783,4.1373,4.0168,4.0168,3.4745
79.29,3.7564,4.0944,3.8691,3.7564,3.7564,3.2493
77.127,3.6713,4.0017,3.7814,3.6713,3.6713,3.1757
77.318,3.6771,4.0081,3.7875,3.6771,3.6771,3.1807
78.274,3.7307,4.0665,3.8427,3.7307,3.7307,3.2271
78.444,3.7809,4.1212,3.8943,3.7809,3.7809,3.2705
78.656,3.8023,4.1445,3.9163,3.8023,3.8023,3.289
78.656,3.7327,4.0686,3.8447,3.7327,3.7327,3.2288
79.039,3.7497,4.0871,3.8622,3.7497,3.7497,3.2435
79.23,3.7595,4.0979,3.8723,3.7595,3.7595,3.252
80.186,3.7961,4.1378,3.91,3.7961,3.7961,3.2837
80.356,3.7817,4.1221,3.8952,3.7817,3.7817,3.2712
80.568,3.7817,4.1221,3.8952,3.7817,3.7817,3.2712
80.568,3.8165,4.16,3.931,3.8165,3.8165,3.3013
81.031,3.8308,4.1756,3.9458,3.8308,3.8308,3.3137
81.263,3.8378,4.1832,3.9529,3.8378,3.8378,3.3197
82.421,3.8857,4.2354,4.0022,3.8857,3.8857,3.3611
82.627,3.9048,4.2563,4.022,3.9048,3.9048,3.3777
82.884,3.9188,4.2715,4.0364,3.9188,3.9188,3.3898
82.884,3.9036,4.255,4.0207,3.9036,3.9036,3.3766
83.47,3.9279,4.2814,4.0457,3.9279,3.9279,3.3976
83.763,3.928,4.2815,4.0458,3.928,3.928,3.3977
85.227,4.0656,4.4316,4.1876,4.0656,4.0656,3.5168
85.488,4.408,4.8047,4.5402,4.408,4.408,3.8129
85.813,4.6086,5.0234,4.7469,4.6086,4.6086,3.9864
85.813,3.982,4.3404,4.1015,3.982,3.982,3.4445
83.247,3.9184,4.2711,4.036,3.9184,3.9184,3.3894
83.429,3.9215,4.2745,4.0392,3.9215,3.9215,3.3921
84.337,3.961,4.3175,4.0798,3.961,3.961,3.4263
84.499,4.0113,4.3723,4.1316,4.0113,4.0113,3.4697
84.7,4.0258,4.3881,4.1466,4.0258,4.0258,3.4823
84.7,3.9491,4.3045,4.0676,3.9491,3.9491,3.416
85.064,3.9585,4.3147,4.0772,3.9585,3.9585,3.4241
85.245,3.9691,4.3264,4.0882,3.9691,3.9691,3.4333
86.153,3.9831,4.3415,4.1026,3.9831,3.9831,3.4454
86.315,3.9198,4.2726,4.0374,3.9198,3.9198,3.3907
86.517,3.9069,4.2585,4.0241,3.9069,3.9069,3.3794
86.517,4.0195,4.3812,4.14,4.0195,4.0195,3.4768
86.878,4.0276,4.3901,4.1485,4.0276,4.0276,3.4839
87.059,4.029,4.3916,4.1499,4.029,4.029,3.4851
87.964,4.0502,4.4147,4.1717,4.0502,4.0502,3.5034
88.125,4.0858,4.4535,4.2084,4.0858,4.0858,3.5342
88.326,4.1066,4.4761,4.2297,4.1066,4.1066,3.5522
88.326,4.0567,4.4218,4.1784,4.0567,4.0567,3.5091
88.744,4.0744,4.4411,4.1967,4.0744,4.0744,3.5244
88.952,4.0751,4.4419,4.1974,4.0751,4.0751,3.525
89.997,4.1464,4.5195,4.2708,4.1464,4.1464,3.5866
90.182,4.2759,4.6608,4.4042,4.2759,4.2759,3.6987
90.414,4.314,4.7022,4.4434,4.314,4.314,3.7316
90.414,4.1027,4.472,4.2258,4.1027,4.1027,3.5488
90.776,4.1064,4.476,4.2296,4.1064,4.1064,3.552
90.957,4.1058,4.4754,4.229,4.1058,4.1058,3.5516
91.862,4.1678,4.5429,4.2929,4.1678,4.1678,3.6052
92.023,4.229,4.6096,4.3558,4.229,4.229,3.6581
92.224,4.2386,4.6201,4.3658,4.2386,4.2386,3.6664
92.224,4.1507,4.5242,4.2752,4.1507,4.1507,3.5903
92.639,4.1591,4.5335,4.2839,4.1591,4.1591,3.5977
92.846,4.1584,4.5327,4.2832,4.1584,4.1584,3.597
93.884,4.194,4.5714,4.3198,4.194,4.194,3.6278
94.068,4.2703,4.6546,4.3984,4.2703,4.2703,3.6938
94.299,4.3047,4.6921,4.4338,4.3047,4.3047,3.7236
94.299,4.1793,4.5555,4.3047,4.1793,4.1793,3.6151
94.684,4.1956,4.5732,4.3215,4.1956,4.1956,3.6292
94.877,4.1957,4.5733,4.3215,4.1957,4.1957,3.6292
95.841,4.2468,4.629,4.3742,4.2468,4.2468,3.6735
96.012,4.3514,4.743,4.4819,4.3514,4.3514,3.7639
96.226,4.3824,4.7769,4.5139,4.3824,4.3824,3.7908
96.226,4.2107,4.5897,4.337,4.2107,4.2107,3.6423
96.58,4.2163,4.5957,4.3427,4.2163,4.2163,3.6471
96.757,4.2153,4.5947,4.3418,4.2153,4.2153,3.6463
97.641,4.2602,4.6436,4.388,4.2602,4.2602,3.6851
97.798,4.3217,4.7107,4.4514,4.3217,4.3217,3.7383
97.994,4.3347,4.7248,4.4647,4.3347,4.3347,3.7495
97.994,4.2427,4.6245,4.37,4.2427,4.2427,3.6699
98.389,4.2488,4.6312,4.3763,4.2488,4.2488,3.6752
98.586,4.2472,4.6294,4.3746,4.2472,4.2472,3.6738
99.573,4.2814,4.6668,4.4099,4.2814,4.2814,3.7034
99.748,4.3516,4.7432,4.4821,4.3516,4.3516,3.7641
99.967,4.3697,4.7629,4.5008,4.3697,4.3697,3.7798
99.967,4.2566,4.6397,4.3843,4.2566,4.2566,3.682
100.37,4.2708,4.6551,4.3989,4.2708,4.2708,3.6942
100.56,4.27,4.6543,4.3981,4.27,4.27,3.6935
101.56,4.3165,4.705,4.446,4.3165,4.3165,3.7338
101.74,4.4219,4.8198,4.5545,4.4219,4.4219,3.8249
101.96,4.4493,4.8498,4.5828,4.4493,4.4493,3.8487
101.96,4.2743,4.659,4.4025,4.2743,4.2743,3.6973
102.32,4.2884,4.6744,4.4171,4.2884,4.2884,3.7095
102.51,4.2888,4.6748,4.4174,4.2888,4.2888,3.7098
103.42,4.3332,4.7232,4.4632,4.3332,4.3332,3.7482
103.58,4.4166,4.8141,4.5491,4.4166,4.4166,3.8203
103.78,4.4363,4.8356,4.5694,4.4363,4.4363,3.8374
103.78,4.3028,4.69,4.4319,4.3028,4.3028,3.7219
104.15,4.3058,4.6933,4.4349,4.3058,4.3058,3.7245
104.33,4.3055,4.693,4.4346,4.3055,4.3055,3.7242
105.25,4.3225,4.7115,4.4522,4.3225,4.3225,3.7389
105.41,4.353,4.7448,4.4836,4.353,4.353,3.7654
105.61,4.3647,4.7576,4.4957,4.3647,4.3647,3.7755
105.61,4.3209,4.7098,4.4505,4.3209,4.3209,3.7376
106.07,4.328,4.7175,4.4578,4.328,4.328,3.7437
106.3,4.3243,4.7135,4.454,4.3243,4.3243,3.7405
107.45,4.3772,4.7711,4.5085,4.3772,4.3772,3.7863
107.65,4.5146,4.9209,4.65,4.5146,4.5146,3.9051
107.91,4.5638,4.9745,4.7007,4.5638,4.5638,3.9477
107.91,4.3324,4.7223,4.4624,4.3324,4.3324,3.7475
108.29,4.3405,4.7311,4.4707,4.3405,4.3405,3.7545
108.48,4.3392,4.7298,4.4694,4.3392,4.3392,3.7534
109.43,4.3673,4.7604,4.4984,4.3673,4.3673,3.7777
109.6,4.4342,4.8333,4.5673,4.4342,4.4342,3.8356
109.81,4.4496,4.85,4.583,4.4496,4.4496,3.8489
109.81,4.3391,4.7296,4.4693,4.3391,4.3391,3.7533
110.2,4.346,4.7372,4.4764,4.346,4.346,3.7593
110.39,4.3483,4.7396,4.4787,4.3483,4.3483,3.7613
111.36,4.3649,4.7578,4.4959,4.3649,4.3649,3.7756
111.54,4.3805,4.7748,4.5119,4.3805,4.3805,3.7891
111.75,4.3817,4.776,4.5131,4.3817,4.3817,3.7901
111.75,4.356,4.748,4.4867,4.356,4.356,3.7679
112.3,4.3624,4.7551,4.4933,4.3624,4.3624,3.7735
112.57,4.3598,4.7521,4.4905,4.3598,4.3598,3.7712
113.93,4.4209,4.8187,4.5535,4.4209,4.4209,3.824
114.17,4.5721,4.9836,4.7093,4.5721,4.5721,3.9549
114.48,4.633,5.05,4.772,4.633,4.633,4.0076
114.48,4.3618,4.7543,4.4926,4.3618,4.3618,3.7729
112.17,4.3588,4.751,4.4895,4.3588,4.3588,3.7703
112.38,4.3595,4.7519,4.4903,4.3595,4.3595,3.771
113.41,4.3739,4.7675,4.5051,4.3739,4.3739,3.7834
113.59,4.3899,4.785,4.5216,4.3899,4.3899,3.7973
113.82,4.3934,4.7888,4.5252,4.3934,4.3934,3.8003
113.82,4.3693,4.7625,4.5004,4.3693,4.3693,3.7794
114.24,4.3706,4.764,4.5017,4.3706,4.3706,3.7806
114.44,4.3674,4.7605,4.4984,4.3674,4.3674,3.7778
115.48,4.4002,4.7962,4.5322,4.4002,4.4002,3.8062
115.66,4.4743,4.877,4.6086,4.4743,4.4743,3.8703
115.89,4.4969,4.9016,4.6318,4.4969,4.4969,3.8898
115.89,4.3789,4.7729,4.5102,4.3789,4.3789,3.7877
116.3,4.3823,4.7767,4.5138,4.3823,4.3823,3.7907
116.51,4.3787,4.7728,4.5101,4.3787,4.3787,3.7876
117.54,4.4137,4.8109,4.5461,4.4137,4.4137,3.8179
117.72,4.5022,4.9074,4.6373,4.5022,4.5022,3.8944
117.95,4.5265,4.9338,4.6623,4.5265,4.5265,3.9154
117.95,4.3812,4.7755,4.5126,4.3812,4.3812,3.7897
118.34,4.3888,4.7838,4.5205,4.3888,4.3888,3.7963
118.53,4.3866,4.7813,4.5182,4.3866,4.3866,3.7944
119.51,4.4157,4.8131,4.5482,4.4157,4.4157,3.8196
119.68,4.4954,4.9,4.6303,4.4954,4.4954,3.8886
119.9,4.514,4.9202,4.6494,4.514,4.514,3.9046
119.9,4.3803,4.7745,4.5117,4.3803,4.3803,3.789
120.28,4.3903,4.7854,4.522,4.3903,4.3903,3.7976
120.47,4.3903,4.7854,4.522,4.3903,4.3903,3.7976
121.43,4.4199,4.8177,4.5525,4.4199,4.4199,3.8232
121.6,4.4819,4.8853,4.6164,4.4819,4.4819,3.8769
121.81,4.4949,4.8995,4.6298,4.4949,4.4949,3.8881
121.81,4.3919,4.7872,4.5237,4.3919,4.3919,3.799
122.21,4.3952,4.7907,4.527,4.3952,4.3952,3.8018
122.41,4.3949,4.7904,4.5267,4.3949,4.3949,3.8016
123.4,4.4125,4.8096,4.5448,4.4125,4.4125,3.8168
123.58,4.4443,4.8443,4.5776,4.4443,4.4443,3.8443
123.8,4.4518,4.8524,4.5853,4.4518,4.4518,3.8508
123.8,4.4009,4.7969,4.5329,4.4009,4.4009,3.8067
124.27,4.402,4.7981,4.534,4.402,4.402,3.8077
124.51,4.3971,4.7929,4.529,4.3971,4.3971,3.8035
125.7,4.4494,4.8498,4.5829,4.4494,4.4494,3.8487
125.91,4.575,4.9867,4.7122,4.575,4.575,3.9573
126.18,4.616,5.0314,4.7545,4.616,4.616,3.9928
126.18,4.404,4.8004,4.5361,4.404,4.404,3.8095
126.58,4.4047,4.8011,4.5369,4.4047,4.4047,3.8101
126.78,4.4006,4.7967,4.5327,4.4006,4.4006,3.8066
127.78,4.4379,4.8373,4.571,4.4379,4.4379,3.8388
127.96,4.5174,4.924,4.6529,4.5174,4.5174,3.9076
128.18,4.5377,4.946,4.6738,4.5377,4.5377,3.9251
128.18,4.4075,4.8042,4.5397,4.4075,4.4075,3.8125
128.57,4.4124,4.8095,4.5448,4.4124,4.4124,3.8167
128.77,4.4089,4.8057,4.5412,4.4089,4.4089,3.8137
129.75,4.436,4.8352,4.5691,4.436,4.436,3.8371
129.92,4.5162,4.9227,4.6517,4.5162,4.5162,3.9065
130.14,4.5407,4.9494,4.6769,4.5407,4.5407,3.9277
130.14,4.4039,4.8003,4.536,4.4039,4.4039,3.8094
130.52,4.4147,4.812,4.5471,4.4147,4.4147,3.8187
130.7,4.4123,4.8094,4.5446,4.4123,4.4123,3.8166
131.64,4.4468,4.847,4.5802,4.4468,4.4468,3.8464
131.8,4.5407,4.9493,4.6769,4.5407,4.5407,3.9277
132.01,4.5617,4.9722,4.6985,4.5617,4.5617,3.9459
132.01,4.4053,4.8018,4.5375,4.4053,4.4053,3.8106
132.37,4.415,4.8124,4.5475,4.415,4.415,3.819
132.55,4.4128,4.81,4.5452,4.4128,4.4128,3.8171
133.45,4.4495,4.85,4.583,4.4495,4.4495,3.8488
133.61,4.5359,4.9441,4.672,4.5359,4.5359,3.9235
133.81,4.5549,4.9649,4.6916,4.5549,4.5549,3.94
133.81,4.4153,4.8127,4.5478,4.4153,4.4153,3.8193
134.17,4.4159,4.8133,4.5484,4.4159,4.4159,3.8197
134.35,4.414,4.8112,4.5464,4.414,4.414,3.8181
135.25,4.4259,4.8242,4.5587,4.4259,4.4259,3.8284
135.41,4.4603,4.8618,4.5941,4.4603,4.4603,3.8582
135.61,4.4717,4.8741,4.6058,4.4717,4.4717,3.868
135.61,4.4197,4.8175,4.5523,4.4197,4.4197,3.823
136.05,4.4234,4.8215,4.5561,4.4234,4.4234,3.8262
136.27,4.4185,4.8162,4.5511,4.4185,4.4185,3.822
137.37,4.4585,4.8598,4.5923,4.4585,4.4585,3.8566
137.57,4.5794,4.9915,4.7168,4.5794,4.5794,3.9612
137.82,4.621,5.0369,4.7596,4.621,4.621,3.9972
137.82,4.4189,4.8166,4.5514,4.4189,4.4189,3.8223
138.2,4.423,4.821,4.5557,4.423,4.423,3.8259
138.39,4.4208,4.8186,4.5534,4.4208,4.4208,3.824
139.34,4.4405,4.8401,4.5737,4.4405,4.4405,3.841
139.51,4.4969,4.9017,4.6318,4.4969,4.4969,3.8898
139.72,4.5102,4.9161,4.6455,4.5102,4.5102,3.9013
139.72,4.417,4.8145,4.5495,4.417,4.417,3.8207
140.13,4.419,4.8167,4.5515,4.419,4.419,3.8224
140.33,4.4202,4.818,4.5528,4.4202,4.4202,3.8234
141.34,4.4219,4.8199,4.5545,4.4219,4.4219,3.8249
141.52,4.4176,4.8151,4.5501,4.4176,4.4176,3.8212
141.75,4.412,4.8091,4.5444,4.412,4.412,3.8164
141.75,4.4171,4.8146,4.5496,4.4171,4.4171,3.8208
142.41,4.4277,4.8262,4.5605,4.4277,4.4277,3.8299
142.74,4.4199,4.8177,4.5525,4.4199,4.4199,3.8232
144.4,4.5607,4.9711,4.6975,4.5607,4.5607,3.945
144.7,5.0354,5.4886,5.1865,5.0354,5.0354,4.3556
145.07,5.3367,5.817,5.4968,5.3367,5.3367,4.6163
145.07,4.3872,4.782,4.5188,4.3872,4.3872,3.7949
142.12,4.4175,4.8151,4.5501,4.4175,4.4175,3.8212
142.31,4.42,4.8178,4.5526,4.42,4.42,3.8233
143.25,4.4179,4.8155,4.5505,4.4179,4.4179,3.8215
143.41,4.3934,4.7888,4.5252,4.3934,4.3934,3.8003
143.62,4.385,4.7796,4.5165,4.385,4.385,3.793
143.62,4.4258,4.8241,4.5586,4.4258,4.4258,3.8283
144,4.423,4.8211,4.5557,4.423,4.423,3.8259
144.18,4.4232,4.8212,4.5558,4.4232,4.4232,3.826
145.12,4.4163,4.8138,4.5488,4.4163,4.4163,3.8201
145.28,4.4042,4.8006,4.5364,4.4042,4.4042,3.8097
145.49,4.4045,4.8009,4.5367,4.4045,4.4045,3.8099
145.49,4.4279,4.8264,4.5607,4.4279,4.4279,3.8301
146.01,4.4309,4.8297,4.5638,4.4309,4.4309,3.8327
146.27,4.4236,4.8218,4.5564,4.4236,4.4236,3.8265
147.57,4.4951,4.8996,4.6299,4.4951,4.4951,3.8882
147.8,4.7099,5.1338,4.8512,4.7099,4.7099,4.0741
148.09,4.8005,5.2326,4.9445,4.8005,4.8005,4.1524
148.09,4.4216,4.8196,4.5543,4.4216,4.4216,3.8247
145.87,4.43,4.8287,4.5629,4.43,4.43,3.832
146.06,4.4266,4.825,4.5594,4.4266,4.4266,3.829
147,4.4353,4.8345,4.5684,4.4353,4.4353,3.8365
147.17,4.496,4.9007,4.6309,4.496,4.496,3.8891
147.38,4.5217,4.9287,4.6574,4.5217,4.5217,3.9113
147.38,4.4266,4.825,4.5594,4.4266,4.4266,3.829
147.75,4.4331,4.8321,4.5661,4.4331,4.4331,3.8346
147.94,4.4301,4.8288,4.563,4.4301,4.4301,3.8321
148.88,4.4552,4.8562,4.5889,4.4552,4.4552,3.8538
149.05,4.5331,4.9411,4.6691,4.5331,4.5331,3.9211
149.26,4.5554,4.9654,4.692,4.5554,4.5554,3.9404
149.26,4.425,4.8233,4.5578,4.425,4.425,3.8276
149.63,4.4271,4.8256,4.56,4.4271,4.4271,3.8295
149.82,4.4238,4.8219,4.5565,4.4238,4.4238,3.8265
150.74,4.455,4.856,4.5887,4.455,4.455,3.8536
150.9,4.5221,4.929,4.6577,4.5221,4.5221,3.9116
151.11,4.5341,4.9422,4.6702,4.5341,4.5341,3.922
151.11,4.4262,4.8246,4.559,4.4262,4.4262,3.8287
151.5,4.4239,4.822,4.5566,4.4239,4.4239,3.8266
151.7,4.4195,4.8172,4.552,4.4195,4.4195,3.8228
152.68,4.4548,4.8557,4.5885,4.4548,4.4548,3.8534
152.85,4.5232,4.9303,4.6589,4.5232,4.5232,3.9126
153.07,4.5373,4.9457,4.6735,4.5373,4.5373,3.9248
153.07,4.4299,4.8286,4.5628,4.4299,4.4299,3.8319
153.48,4.4304,4.8292,4.5634,4.4304,4.4304,3.8323
153.69,4.426,4.8243,4.5588,4.426,4.426,3.8285
154.72,4.4576,4.8588,4.5914,4.4576,4.4576,3.8559
154.9,4.5397,4.9483,4.6759,4.5397,4.5397,3.9269
155.13,4.5622,4.9728,4.6991,4.5622,4.5622,3.9463
155.13,4.4252,4.8234,4.5579,4.4252,4.4252,3.8278
155.52,4.4313,4.8301,4.5643,4.4313,4.4313,3.8331
155.72,4.4277,4.8262,4.5606,4.4277,4.4277,3.83
156.71,4.4562,4.8572,4.5898,4.4562,4.4562,3.8546
156.88,4.5451,4.9541,4.6814,4.5451,4.5451,3.9315
157.1,4.5706,4.982,4.7077,4.5706,4.5706,3.9536
157.1,4.4189,4.8165,4.5514,4.4189,4.4189,3.8223
157.47,4.4308,4.8296,4.5637,4.4308,4.4308,3.8327
157.65,4.4285,4.8271,4.5614,4.4285,4.4285,3.8306
158.58,4.466,4.8679,4.6,4.466,4.466,3.8631
158.74,4.5647,4.9756,4.7017,4.5647,4.5647,3.9485
158.94,4.5863,4.999,4.7239,4.5863,4.5863,3.9671
158.94,4.4227,4.8207,4.5554,4.4227,4.4227,3.8256
159.3,4.4288,4.8274,4.5617,4.4288,4.4288,3.8309
159.48,4.4273,4.8257,4.5601,4.4273,4.4273,3.8296
160.36,4.4519,4.8526,4.5855,4.4519,4.4519,3.8509
160.52,4.509,4.9148,4.6443,4.509,4.509,3.9003
160.72,4.5214,4.9283,4.657,4.5214,4.5214,3.911
160.72,4.4298,4.8284,4.5626,4.4298,4.4298,3.8317
161.11,4.4295,4.8281,4.5624,4.4295,4.4295,3.8315
161.3,4.427,4.8254,4.5598,4.427,4.427,3.8293
162.28,4.4399,4.8395,4.5731,4.4399,4.4399,3.8405
162.45,4.4814,4.8847,4.6159,4.4814,4.4814,3.8764
162.67,4.4957,4.9003,4.6306,4.4957,4.4957,3.8888
162.67,4.4312,4.83,4.5642,4.4312,4.4312,3.833
163.11,4.4343,4.8334,4.5674,4.4343,4.4343,3.8357
163.33,4.4292,4.8279,4.5621,4.4292,4.4292,3.8313
164.44,4.4698,4.8721,4.6039,4.4698,4.4698,3.8664
164.63,4.5911,5.0043,4.7288,4.5911,4.5911,3.9713
164.88,4.6314,5.0482,4.7703,4.6314,4.6314,4.0061
164.88,4.4277,4.8262,4.5605,4.4277,4.4277,3.8299
165.26,4.4322,4.8311,4.5651,4.4322,4.4322,3.8338
165.45,4.4296,4.8283,4.5625,4.4296,4.4296,3.8316
166.41,4.4517,4.8524,4.5853,4.4517,4.4517,3.8508
166.58,4.5152,4.9216,4.6507,4.5152,4.5152,3.9057
166.79,4.5296,4.9373,4.6655,4.5296,4.5296,3.9181
166.79,4.4243,4.8225,4.5571,4.4243,4.4243,3.8271
167.19,4.4284,4.8269,4.5612,4.4284,4.4284,3.8306
167.39,4.4288,4.8273,4.5616,4.4288,4.4288,3.8309
168.38,4.4391,4.8386,4.5722,4.4391,4.4391,3.8398
168.56,4.4595,4.8608,4.5933,4.4595,4.4595,3.8574
168.78,4.4609,4.8624,4.5947,4.4609,4.4609,3.8587
168.78,4.4247,4.823,4.5575,4.4247,4.4247,3.8274
169.29,4.4306,4.8294,4.5636,4.4306,4.4306,3.8325
169.54,4.4287,4.8272,4.5615,4.4287,4.4287,3.8308
170.81,4.4678,4.8699,4.6018,4.4678,4.4678,3.8646
171.04,4.5721,4.9836,4.7093,4.5721,4.5721,3.9549
171.32,4.613,5.0282,4.7514,4.613,4.613,3.9902
171.32,4.4249,4.8232,4.5577,4.4249,4.4249,3.8276
171.74,4.4268,4.8252,4.5596,4.4268,4.4268,3.8292
171.95,4.422,4.82,4.5547,4.422,4.422,3.825
173.01,4.4748,4.8775,4.609,4.4748,4.4748,3.8707
173.19,4.5853,4.998,4.7229,4.5853,4.5853,3.9663
173.43,4.6088,5.0236,4.7471,4.6088,4.6088,3.9866
173.43,4.4263,4.8247,4.5591,4.4263,4.4263,3.8288
173.81,4.4225,4.8205,4.5552,4.4225,4.4225,3.8255
174,4.4182,4.8158,4.5507,4.4182,4.4182,3.8217
174.97,4.4626,4.8642,4.5965,4.4626,4.4626,3.8602
175.14,4.5272,4.9346,4.663,4.5272,4.5272,3.916
175.35,4.5344,4.9425,4.6704,4.5344,4.5344,3.9222
175.35,4.4341,4.8332,4.5672,4.4341,4.4341,3.8355
175.78,4.4325,4.8315,4.5655,4.4325,4.4325,3.8342
175.99,4.4276,4.8261,4.5605,4.4276,4.4276,3.8299
177.05,4.4603,4.8617,4.5941,4.4603,4.4603,3.8581
177.24,4.5447,4.9537,4.681,4.5447,4.5447,3.9312
177.47,4.57,4.9813,4.7071,4.57,4.57,3.9531
177.47,4.4335,4.8325,4.5665,4.4335,4.4335,3.835
177.88,4.4355,4.8347,4.5685,4.4355,4.4355,3.8367
178.08,4.4313,4.8301,4.5642,4.4313,4.4313,3.8331
179.1,4.4478,4.8481,4.5812,4.4478,4.4478,3.8473
179.28,4.5247,4.9319,4.6604,4.5247,4.5247,3.9139
179.51,4.5528,4.9626,4.6894,4.5528,4.5528,3.9382
179.51,4.4268,4.8252,4.5596,4.4268,4.4268,3.8292
179.9,4.4293,4.8279,4.5622,4.4293,4.4293,3.8313
180.1,4.4274,4.8259,4.5602,4.4274,4.4274,3.8297
181.08,4.4493,4.8498,4.5828,4.4493,4.4493,3.8487
181.26,4.5003,4.9053,4.6353,4.5003,4.5003,3.8928
181.48,4.5137,4.9199,4.6491,4.5137,4.5137,3.9044
181.48,4.4319,4.8308,4.5649,4.4319,4.4319,3.8336
181.9,4.4318,4.8306,4.5647,4.4318,4.4318,3.8335
182.12,4.4294,4.828,4.5623,4.4294,4.4294,3.8314
183.19,4.4466,4.8468,4.58,4.4466,4.4466,3.8463
183.38,4.4922,4.8965,4.627,4.4922,4.4922,3.8858
183.62,4.5044,4.9098,4.6396,4.5044,4.5044,3.8963
183.62,4.4293,4.828,4.5622,4.4293,4.4293,3.8314
183.69,4.429,4.8277,4.5619,4.429,4.429,3.8311
183.73,4.4287,4.8273,4.5616,4.4287,4.4287,3.8309
183.92,4.4273,4.8258,4.5601,4.4273,4.4273,3.8296
183.96,4.4272,4.8256,4.56,4.4272,4.4272,3.8295
184,4.4267,4.8251,4.5595,4.4267,4.4267,3.8291
184,4.4264,4.8248,4.5592,4.4264,4.4264,3.8289
